There are 1 devices!
The device 'mlx4_0' max mr size is 18446744073709551615 bytes.
The device 'mlx4_0' max_qp_wr is 16351.
The device 'mlx4_0' phys_port_cnt is 2.
The device 'mlx4_0' active_speed is 10.0 Gbps.
The device 'mlx4_0' max_mtu is IBV_MTU_4096.
The device 'mlx4_0' active_mtu is IBV_MTU_1024.
The device 'mlx4_0' link_layer is IBV_LINK_LAYER_ETHERNET.
Thread:	Id:	Size(MByte):	Time(ms):	Speed(Mbits/s):
0	0	1	        1.990000	8040.201172
0	1	2	        3.770000	8488.063477
0	2	3	        5.586000	8592.910156
0	3	4	        7.426000	8618.367188
0	4	5	        9.235000	8662.697266
0	5	6	        11.048000	8689.355469
0	6	7	        12.903000	8680.151367
0	7	8	        14.752000	8676.790039
0	8	9	        16.587000	8681.497070
0	9	10	        18.391001	8699.907227
0	10	11	        20.243999	8693.934570
0	11	12	        22.091999	8690.928711
0	12	13	        23.959000	8681.498047
0	13	14	        25.754000	8697.678711
0	14	15	        27.627001	8687.153320
0	15	16	        29.469000	8687.094727
0	16	17	        31.313999	8686.210938
0	17	18	        33.139000	8690.666016
0	18	19	        34.957001	8696.398438
0	19	20	        36.804001	8694.707031
0	20	21	        38.608002	8702.858398
0	21	22	        40.471001	8697.584961
0	22	23	        42.265999	8706.761719
0	23	24	        44.118000	8703.930664
0	24	25	        45.959999	8703.220703
0	25	26	        47.791000	8704.567383
0	26	27	        49.643002	8702.132812
0	27	28	        51.476002	8703.084961
0	28	29	        53.301998	8705.114258
0	29	30	        55.143002	8704.640625
0	30	31	        56.976002	8705.419922
0	31	32	        58.801998	8707.187500
1	0	1	        2.969000	5389.020020
1	1	2	        5.592000	5722.460449
1	2	3	        8.350000	5748.502441
1	3	4	        11.113000	5759.020996
0	32	33	        72.891998	7243.593750
1	4	5	        12.343000	6481.406250
1	5	6	        16.628000	5773.394043
1	6	7	        19.313999	5798.902832
1	7	8	        27.704000	4620.271484
1	8	9	        24.886999	5786.153809
0	33	34	        95.653000	5687.223633
1	9	10	        22.113001	7235.562500
1	10	11	        31.353001	5613.498047
1	11	12	        33.167000	5788.886230
0	34	35	        90.045998	6219.043945
1	12	13	        26.969000	7712.558594
1	13	14	        46.438999	4823.532227
0	35	36	        101.138000	5695.188477
1	14	15	        38.993000	6154.950684
1	15	16	        44.192001	5792.903320
1	16	17	        48.863998	5566.470215
0	36	37	        100.268997	5904.118164
1	17	18	        44.860001	6419.973145
1	18	19	        58.902000	5161.115234
0	37	38	        105.400002	5768.500977
1	19	20	        48.743999	6564.910645
1	20	21	        63.289001	5308.979492
0	38	39	        108.264999	5763.635742
1	21	22	        59.130001	5952.984863
0	39	40	        106.584999	6004.597656
1	22	23	        56.708000	6489.384277
1	23	24	        79.216003	4847.505371
2	0	1	        3.994000	4006.008789
2	1	2	        7.464000	4287.245605
0	40	41	        114.268997	5740.839844
2	2	3	        8.844000	5427.408203
2	3	4	        14.754000	4337.806641
1	24	25	        56.644001	7061.647949
2	4	5	        14.520000	5509.641602
2	5	6	        22.136999	4336.631348
2	6	7	        34.691002	3228.502930
2	7	8	        29.371000	4358.040039
1	25	26	        118.178001	3520.113770
2	8	9	        30.520000	4718.217773
0	41	42	        160.800995	4179.078613
2	9	10	        32.301998	4953.253906
2	10	11	        46.087002	3818.864258
1	26	27	        95.746002	4511.937500
2	11	12	        33.476002	5735.451660
0	42	43	        150.173996	4581.352539
2	12	13	        50.451000	4122.812500
1	27	28	        81.861000	5472.691895
2	13	14	        46.537998	4813.270996
2	14	15	        79.003998	3037.821045
1	28	29	        137.901993	3364.708496
2	15	16	        46.674999	5484.734863
0	43	44	        182.166000	3864.607178
1	29	30	        61.823002	7764.100586
2	16	17	        49.785999	5463.383301
2	17	18	        96.040001	2998.750488
1	30	31	        144.194000	3439.810059
0	44	45	        194.606995	3699.764404
2	18	19	        57.083000	5325.578613
1	31	32	        87.801003	5831.368652
2	19	20	        77.962997	4104.511230
0	45	46	        118.231003	6225.101562
2	20	21	        74.084000	4535.392090
1	32	33	        99.672997	5297.322266
2	21	22	        94.317001	3732.094727
0	46	47	        131.871994	5702.499512
3	0	1	        4.986000	3208.985107
1	33	34	        102.206001	5322.583984
3	1	2	        8.787000	3641.743652
3	2	3	        13.844000	3467.206055
3	3	4	        21.243000	3012.757080
2	22	23	        87.320000	4214.383789
3	4	5	        22.909000	3492.077393
3	5	6	        27.667999	3469.712402
3	6	7	        44.560001	2513.465088
3	7	8	        36.685001	3489.164307
1	34	35	        200.425995	2794.048828
2	23	24	        139.220993	2758.204590
3	8	9	        35.106998	4101.746094
0	47	48	        245.501999	3128.284180
3	9	10	        40.646000	3936.426514
3	10	11	        64.549004	2726.610596
2	24	25	        125.681999	3182.635742
3	11	12	        55.060001	3487.104736
1	35	36	        195.190002	2950.970947
3	12	13	        51.223999	4060.596436
2	25	26	        99.599998	4176.706543
0	48	49	        215.063004	3645.443359
3	13	14	        60.506001	3702.112061
1	36	37	        93.956001	6300.821777
2	26	27	        87.432999	4940.926270
3	14	15	        57.960999	4140.715332
3	15	16	        104.119003	2458.725098
2	27	28	        182.179001	2459.119873
0	49	50	        261.438995	3059.987305
3	16	17	        67.773003	4013.397705
1	37	38	        225.582001	2695.250488
3	17	18	        89.667999	3211.848145
2	28	29	        119.998001	3866.731201
3	18	19	        117.283997	2591.999023
1	38	39	        203.431000	3067.379150
2	29	30	        130.026001	3691.569336
0	50	51	        260.860992	3128.103027
4	0	1	        5.862000	2729.443848
3	19	20	        61.210999	5227.818848
4	1	2	        9.940000	3219.316162
4	2	3	        16.593000	2892.786133
4	3	4	        22.104000	2895.403564
4	4	5	        29.305000	2729.909668
4	5	6	        37.060001	2590.394043
1	39	40	        202.496002	3160.556152
4	6	7	        36.869999	3037.700195
3	20	21	        158.587997	2118.697510
2	30	31	        208.261993	2381.615479
4	7	8	        35.807999	3574.620605
0	51	52	        225.656006	3687.028076
4	8	9	        46.353001	3106.594971
3	21	22	        90.444000	3891.911133
4	9	10	        53.703999	2979.293945
1	40	41	        159.919998	4102.051270
2	31	32	        152.313004	3361.498779
4	10	11	        58.463001	3010.451172
3	22	23	        105.249001	3496.470215
4	11	12	        71.824997	2673.164062
0	52	53	        238.794006	3551.177979
4	12	13	        81.234001	2560.504150
3	23	24	        176.440002	2176.377197
4	13	14	        73.803001	3035.106934
2	32	33	        239.727005	2202.505371
1	41	42	        290.045990	2316.874023
3	24	25	        95.400002	4192.872070
4	14	15	        65.349998	3672.532715
0	53	54	        200.923004	4300.154785
2	33	34	        105.411003	5160.751465
4	15	16	        74.280998	3446.372559
3	25	26	        147.979004	2811.209473
4	16	17	        95.108002	2859.906494
1	42	43	        215.542007	3191.953369
2	34	35	        192.425003	2910.224854
4	17	18	        107.412003	2681.264648
3	26	27	        155.731003	2774.013916
0	54	55	        327.397003	2687.868408
4	18	19	        91.681000	3315.845215
2	35	36	        164.679001	3497.713623
1	43	44	        225.733994	3118.715088
3	27	28	        107.757004	4157.502441
4	19	20	        64.102997	4991.966309
0	55	56	        151.414993	5917.511719
4	20	21	        130.556000	2573.608154
3	28	29	        188.399002	2462.858154
2	36	37	        242.464005	2441.599609
1	44	45	        295.078003	2440.032715
4	21	22	        130.910004	2688.870117
3	29	30	        142.875000	3359.580078
2	37	38	        149.190002	4075.339844
0	56	57	        305.171997	2988.478760
4	22	23	        112.112999	3282.402588
3	30	31	        117.261002	4229.880371
1	45	46	        170.393005	4319.426270
4	23	24	        114.797997	3345.006104
2	38	39	        150.572006	4144.196777
3	31	32	        155.660995	3289.198975
4	24	25	        163.964996	2439.544922
0	57	58	        361.627014	2566.179932
3	32	33	        191.755005	2753.513428
1	46	47	        336.942993	2231.831543
2	39	40	        266.773010	2399.043213
4	25	26	        122.456001	3397.138672
0	58	59	        164.011993	5755.676270
4	26	27	        155.962997	2769.887695
3	33	34	        207.774002	2618.229492
2	40	41	        256.549011	2557.016357
1	47	48	        306.993988	2501.677734
4	27	28	        150.725006	2972.300293
3	34	35	        170.231003	3289.647705
2	41	42	        182.089996	3690.482666
0	59	60	        337.372009	2845.523682
4	28	29	        160.462006	2891.650146
3	35	36	        133.522003	4313.895508
1	48	49	        207.190994	3783.948242
2	42	43	        130.098007	5288.321289
4	29	30	        130.057999	3690.660889
3	36	37	        218.744995	2706.347656
4	30	31	        240.580002	2061.684082
0	60	61	        428.596985	2277.197510
2	43	44	        324.604004	2168.796387
1	49	50	        391.144012	2045.282471
3	37	38	        184.175995	3301.190186
4	31	32	        86.620003	5910.875000
4	32	33	        278.316010	1897.124023
3	38	39	        336.105011	1856.562622
2	44	45	        372.665985	1932.025024
1	50	51	        396.994995	2055.441406
0	61	62	        440.751007	2250.703857
4	33	34	        130.259995	4176.263184
3	39	40	        112.361000	5695.926758
2	45	46	        146.828995	5012.633789
4	34	35	        237.110992	2361.763184
1	51	52	        316.167999	2631.512207
3	40	41	        304.778992	2152.379395
2	46	47	        311.856995	2411.361816
4	35	36	        171.496002	3358.678955
0	62	63	        443.743011	2271.584961
3	41	42	        148.951996	4511.520508
1	52	53	        197.319000	4297.609375
2	47	48	        147.192993	5217.639648
4	36	37	        147.585999	4011.220459
3	42	43	        240.212006	2864.136475
4	37	38	        298.205994	2038.859009
1	53	54	        416.119995	2076.324219
0	63	64	        466.006012	2197.396484
2	48	49	        361.809998	2166.883057
3	43	44	        203.371994	3461.636963
4	38	39	        88.772003	7029.243164
1	54	55	        308.273987	2854.603271
4	39	40	        267.101990	2396.088379
3	44	45	        297.997986	2416.123779
2	49	50	        316.532013	2527.390381
4	40	41	        247.552002	2649.948242
3	45	46	        311.484009	2362.882080
1	55	56	        343.743988	2606.591064
2	50	51	        328.832001	2481.510254
4	41	42	        112.602997	5967.869629
3	46	47	        158.651001	4739.963867
4	42	43	        281.260010	2446.135010
2	51	52	        331.670013	2508.517334
1	56	57	        350.059998	2605.267822
3	47	48	        210.063995	3656.028809
4	43	44	        106.419998	6615.298340
2	52	53	        289.507996	2929.107422
3	48	49	        310.125000	2528.012939
4	44	45	        261.652008	2751.746338
1	57	58	        334.678009	2772.814453
2	53	54	        111.621002	7740.479004
3	49	50	        278.322998	2874.358154
4	45	46	        277.487000	2652.376465
1	58	59	        321.983002	2931.831787
2	54	55	        272.950012	3224.033447
3	50	51	        169.003006	4828.316406
4	46	47	        177.292007	4241.589844
2	55	56	        253.811005	3530.185791
1	59	60	        295.864014	3244.733887
4	47	48	        228.682007	3358.375244
3	51	52	        253.738007	3278.972656
2	56	57	        155.332001	5871.294922
1	60	61	        155.766998	6265.769043
4	48	49	        195.261002	4015.138672
3	52	53	        235.567993	3599.810059
2	57	58	        265.871002	3490.414795
1	61	62	        291.304993	3405.365479
4	49	50	        228.882004	3495.250732
3	53	54	        210.731995	4099.994141
2	58	59	        154.080002	6126.687500
1	62	63	        153.003998	6588.063477
4	50	51	        178.658997	4567.360352
3	54	55	        219.423996	4010.500244
2	59	60	        239.018005	4016.433838
1	63	64	        279.976990	3657.443359
4	51	52	        249.136002	3339.541504
3	55	56	        255.639999	3504.928711
2	60	61	        232.653000	4195.088867
4	52	53	        125.995003	6730.425293
3	56	57	        149.731995	6090.882812
2	61	62	        250.294998	3963.323486
4	53	54	        234.972000	3677.033936
3	57	58	        162.776993	5701.051270
2	62	63	        275.031006	3665.041504
4	54	55	        270.777008	3249.906494
3	58	59	        256.572998	3679.264893
4	55	56	        295.778992	3029.288818
2	63	64	        312.437012	3277.460693
3	59	60	        296.016998	3243.057129
4	56	57	        180.998993	5038.702148
3	60	61	        188.345001	5181.979980
4	57	58	        169.852997	5463.547852
3	61	62	        177.266006	5596.109863
4	58	59	        158.807007	5944.321777
3	62	63	        166.188995	6065.383301
4	59	60	        147.830002	6493.945801
3	63	64	        155.182999	6598.660645
4	60	61	        111.997002	8714.519531
4	61	62	        113.875000	8711.305664
4	62	63	        115.681999	8713.541992
4	63	64	        117.499001	8714.967773
