There are 1 devices!
The device 'mlx4_0' max mr size is 18446744073709551615 bytes.
The device 'mlx4_0' max_qp_wr is 16351.
The device 'mlx4_0' phys_port_cnt is 2.
The device 'mlx4_0' active_speed is 10.0 Gbps.
The device 'mlx4_0' max_mtu is IBV_MTU_4096.
The device 'mlx4_0' active_mtu is IBV_MTU_1024.
The device 'mlx4_0' link_layer is IBV_LINK_LAYER_ETHERNET.
Thread:	Id:	Size(MByte):	Time(ms):	Speed(Mbits/s):
0	0	1	        1.950000	8205.127930
0	1	2	        3.750000	8533.333984
0	2	3	        5.537000	8668.954102
0	3	4	        7.379000	8673.261719
0	4	5	        9.224000	8673.026367
0	5	6	        11.059000	8680.712891
0	6	7	        12.914000	8672.758789
0	7	8	        14.748000	8679.142578
0	8	9	        16.596001	8676.789062
0	9	10	        18.430000	8681.497070
0	10	11	        20.271000	8682.354492
0	11	12	        22.090000	8691.714844
0	12	13	        23.921000	8695.289062
0	13	14	        25.757000	8696.665039
0	14	15	        27.591999	8698.173828
0	15	16	        29.427999	8699.198242
0	16	17	        31.261999	8700.659180
0	17	18	        33.112000	8697.752930
0	18	19	        34.933998	8702.124023
0	19	20	        36.766998	8703.457031
0	20	21	        38.604000	8703.761719
0	21	22	        40.456001	8700.810547
0	22	23	        42.286999	8702.438477
1	0	1	        2.935000	5451.448242
1	1	2	        5.555000	5760.576172
1	2	3	        8.317000	5771.311523
0	23	24	        52.077999	7373.555176
1	3	4	        9.853000	6495.483887
1	4	5	        13.824000	5787.037109
1	5	6	        16.569000	5793.952637
1	6	7	        20.721001	5405.144043
0	24	25	        68.001999	5882.179688
1	7	8	        18.825001	6799.468750
1	8	9	        24.846001	5795.701172
1	9	10	        31.694000	5048.274414
0	25	26	        69.274002	6005.139160
1	10	11	        20.774000	8472.128906
1	11	12	        41.035999	4678.818848
0	26	27	        73.989998	5838.627441
1	12	13	        28.743000	7236.544434
1	13	14	        45.689999	4902.604492
0	27	28	        76.168999	5881.658203
1	14	15	        32.366001	7415.188965
1	15	16	        55.880001	4581.245117
0	28	29	        79.708000	5821.247559
1	16	17	        31.993999	8501.593750
1	17	18	        60.693001	4745.192871
0	29	30	        83.480003	5749.880371
1	18	19	        47.562000	6391.657227
0	30	31	        78.780998	6295.934082
1	19	20	        46.000000	6956.521484
1	20	21	        76.183998	4410.375000
0	31	32	        96.393997	5311.534180
1	21	22	        49.633999	7091.913086
0	32	33	        80.691002	6543.480469
1	22	23	        53.158001	6922.758789
1	23	24	        86.245003	4452.432129
0	33	34	        104.658997	5197.833008
1	24	25	        68.080002	5875.440430
0	34	35	        88.023003	6361.973633
1	25	26	        49.486000	8406.417969
2	0	1	        4.043000	3957.457031
2	1	2	        7.896000	4052.685059
2	2	3	        11.125000	4314.606445
2	3	4	        14.787000	4328.125977
0	35	36	        108.910004	5288.770508
2	4	5	        17.919001	4464.534668
1	26	27	        93.352997	4627.596680
2	5	6	        19.417999	4943.866699
2	6	7	        25.697001	4358.485352
2	7	8	        30.377001	4213.714355
2	8	9	        35.389999	4068.946045
1	27	28	        127.336998	3518.223389
2	9	10	        31.877001	5019.292969
0	36	37	        152.746002	3875.715088
2	10	11	        36.089001	4876.832520
1	28	29	        85.291000	5440.198730
2	11	12	        46.491001	4129.831543
0	37	38	        112.721001	5393.848145
2	12	13	        49.988998	4160.915527
1	29	30	        77.080002	6227.295898
2	13	14	        41.654999	5377.505859
2	14	15	        71.539001	3354.813477
0	38	39	        134.513000	4638.956543
1	30	31	        118.973999	4168.978027
2	15	16	        37.060001	6907.717285
2	16	17	        73.806000	3685.337158
1	31	32	        150.729004	3396.824707
2	17	18	        65.879997	4371.584473
0	39	40	        171.904007	3723.007812
2	18	19	        67.222000	4522.329102
1	32	33	        125.184998	4217.757812
2	19	20	        79.867996	4006.611084
0	40	41	        158.934998	4127.473633
1	33	34	        81.778999	6652.074707
2	20	21	        68.355003	4915.514648
0	41	42	        101.613998	6613.262207
2	21	22	        83.322998	4224.523926
1	34	35	        110.487999	5068.423828
3	0	1	        4.872000	3284.072021
3	1	2	        9.246000	3460.956055
0	42	43	        114.757004	5995.276855
2	22	23	        90.960999	4045.689941
3	2	3	        11.617000	4131.875977
3	3	4	        18.444000	3469.963135
1	35	36	        100.440002	5734.767090
3	4	5	        20.155001	3969.238037
3	5	6	        27.603001	3477.882812
2	23	24	        98.183998	3911.024414
3	6	7	        33.544998	3338.798828
3	7	8	        43.653000	2932.215332
0	43	44	        187.238998	3759.900635
3	8	9	        39.521000	3643.632324
2	24	25	        107.803001	3710.471924
1	36	37	        191.945007	3084.216797
3	9	10	        37.007999	4323.389648
3	10	11	        50.432999	3489.778564
3	11	12	        68.156998	2817.025635
2	25	26	        149.468994	2783.186035
3	12	13	        51.384998	4047.874268
0	44	45	        220.408005	3266.668945
1	37	38	        199.901001	3041.505615
3	13	14	        47.284000	4737.332031
2	26	27	        84.122002	5135.398438
3	14	15	        72.218002	3323.271240
3	15	16	        84.362999	3034.505615
0	45	46	        209.315002	3516.231445
2	27	28	        175.509995	2552.561279
1	38	39	        216.298004	2884.908691
3	16	17	        45.660000	5957.074219
3	17	18	        107.695000	2674.218994
2	28	29	        147.785004	3139.696045
3	18	19	        81.482002	3730.885254
1	39	40	        219.563995	2914.867676
0	46	47	        258.018005	2914.525146
2	29	30	        116.764999	4110.820801
3	19	20	        56.341999	5679.599609
4	0	1	        5.946000	2690.884521
4	1	2	        12.389000	2582.936523
4	2	3	        19.235001	2495.450928
4	3	4	        22.135000	2891.348389
3	20	21	        143.227005	2345.926270
4	4	5	        24.230000	3301.692139
4	5	6	        33.685001	2849.933105
1	40	41	        239.886993	2734.620850
2	30	31	        222.725006	2226.961426
4	6	7	        29.601000	3783.656006
3	21	22	        94.987999	3705.731445
0	47	48	        268.088989	2864.720215
4	7	8	        34.330002	3728.517090
4	8	9	        49.713001	2896.626709
4	9	10	        74.838997	2137.922852
3	22	23	        186.360001	1974.672607
4	10	11	        56.058998	3139.549561
2	31	32	        228.501999	2240.680664
1	41	42	        278.588013	2412.164062
4	11	12	        69.047997	2780.674561
3	23	24	        106.250999	3614.083496
0	48	49	        285.739990	2743.753174
2	32	33	        121.780998	4335.651855
4	12	13	        56.483002	3682.523926
1	42	43	        113.870003	6041.977539
3	24	25	        99.125000	4035.309082
4	13	14	        69.528999	3221.677490
4	14	15	        122.108002	1965.473145
2	33	34	        251.421997	2163.693115
3	25	26	        202.074997	2058.641602
4	15	16	        79.885002	3204.606689
0	49	50	        333.966003	2395.453369
1	43	44	        267.894012	2627.905029
4	16	17	        96.236000	2826.385254
2	34	35	        143.311005	3907.585449
3	26	27	        134.056000	3222.533936
4	17	18	        87.503998	3291.278076
5	0	1	        7.543000	2121.171875
5	1	2	        14.176000	2257.336426
5	2	3	        19.393999	2474.992432
5	3	4	        25.812000	2479.466797
1	44	45	        268.035004	2686.216309
5	4	5	        29.363001	2724.517090
4	18	19	        143.535995	2117.935547
3	27	28	        219.216003	2043.646362
5	5	6	        33.596001	2857.482910
0	50	51	        325.013000	2510.668701
2	35	36	        238.690002	2413.171875
5	6	7	        40.103001	2792.808594
4	19	20	        105.629997	3029.442627
5	7	8	        51.551998	2482.929932
1	45	46	        163.153000	4511.103516
5	8	9	        58.577000	2458.302734
3	28	29	        154.005005	3012.889160
5	9	10	        75.460999	2120.300537
4	20	21	        147.621002	2276.098877
2	36	37	        229.554001	2578.913818
5	10	11	        77.018997	2285.150391
3	29	30	        209.347000	2292.843994
0	51	52	        356.143005	2336.140381
5	11	12	        78.077003	2459.110840
4	21	22	        154.462997	2278.863037
1	46	47	        310.832001	2419.313477
2	37	38	        186.466003	3260.647949
5	12	13	        59.334000	3505.578613
3	30	31	        136.511002	3633.406982
4	22	23	        134.988007	2726.167969
5	13	14	        87.403000	2562.841064
0	52	53	        285.859985	2966.487305
5	14	15	        123.450996	1944.091309
4	23	24	        212.690002	1805.444580
5	15	16	        106.927002	2394.156738
3	31	32	        277.375000	1845.876465
2	38	39	        347.027008	1798.130981
1	47	48	        409.829987	1873.947876
5	16	17	        79.611000	3416.613037
4	24	25	        114.827003	3483.500977
6	0	1	        8.853000	1807.296997
6	1	2	        14.794000	2163.039062
6	2	3	        23.778000	2018.672852
0	53	54	        258.970001	3336.293945
6	3	4	        28.745001	2226.474121
3	32	33	        160.011002	3299.772949
5	17	18	        118.755997	2425.140625
6	4	5	        32.570999	2456.172852
2	39	40	        201.983994	3168.567871
4	25	26	        134.246002	3098.788574
6	5	6	        42.098000	2280.393311
1	48	49	        206.110001	3803.794189
6	6	7	        45.659000	2452.966553
5	18	19	        114.471001	2655.694336
6	7	8	        57.806000	2214.302979
3	33	34	        205.796005	2643.394287
4	26	27	        188.356995	2293.517090
6	8	9	        69.939003	2058.937012
5	19	20	        154.746002	2067.904785
6	9	10	        68.752998	2327.171387
0	54	55	        397.651001	2212.995850
2	40	41	        331.632996	1978.090210
6	10	11	        95.721001	1838.677002
5	20	21	        159.645996	2104.656738
4	27	28	        230.440994	1944.098633
6	11	12	        77.839996	2466.598389
3	34	35	        285.135986	1963.975220
1	49	50	        416.170990	1922.286865
6	12	13	        100.886002	2061.732910
5	21	22	        155.494003	2263.752930
2	41	42	        241.050995	2787.791992
6	13	14	        91.393997	2450.926758
4	28	29	        217.787994	2130.512207
0	55	56	        345.265991	2595.100586
3	35	36	        257.880005	2233.596924
5	22	23	        168.561996	2183.173096
6	14	15	        99.385002	2414.851318
4	29	30	        150.016006	3199.658447
1	50	51	        323.613007	2521.530273
2	42	43	        230.744995	2981.646484
6	15	16	        106.316002	2407.916016
7	0	1	        8.971000	1783.524658
7	1	2	        16.635000	1923.654907
5	23	24	        159.022003	2414.760254
7	2	3	        23.121000	2076.034668
3	36	37	        218.276993	2712.150146
7	3	4	        32.551998	1966.085205
0	56	57	        284.229004	3208.680176
6	16	17	        123.800003	2197.092041
7	4	5	        34.775002	2300.503174
4	30	31	        184.690994	2685.566650
7	5	6	        55.624001	1725.873657
2	43	44	        232.121002	3032.900879
5	24	25	        178.957993	2235.161377
7	6	7	        57.223999	1957.220825
6	17	18	        138.891998	2073.553711
1	51	52	        314.907990	2642.041504
7	7	8	        62.969002	2032.746338
3	37	38	        246.307999	2468.454102
4	31	32	        212.889008	2405.009277
7	8	9	        64.484001	2233.112061
6	18	19	        154.628006	1966.008667
5	25	26	        196.328003	2118.903076
7	9	10	        70.181000	2279.819336
7	10	11	        95.900002	1835.245117
0	57	58	        467.707001	1984.148193
2	44	45	        390.515015	1843.718994
6	19	20	        217.153000	1473.615356
7	11	12	        98.648003	1946.314087
5	26	27	        263.153992	1641.624268
4	32	33	        341.540985	1545.934448
3	38	39	        390.056000	1599.770264
7	12	13	        92.351997	2252.252441
1	52	53	        498.372986	1701.536865
6	20	21	        148.776993	2258.413818
7	13	14	        104.607002	2141.348145
2	45	46	        278.774994	2640.121826
5	27	28	        228.578995	1959.935059
7	14	15	        130.619995	1837.391113
6	21	22	        193.020996	1823.635742
4	33	34	        292.024994	1862.854248
0	58	59	        403.279999	2340.805420
8	0	1	        9.980000	1603.206421
8	1	2	        18.524000	1727.488647
8	2	3	        29.705999	1615.835205
3	39	40	        356.295990	1796.259277
7	15	16	        124.711998	2052.729492
8	3	4	        34.966000	1830.349487
5	28	29	        207.653000	2234.497070
8	4	5	        42.936001	1863.238281
6	22	23	        187.014008	1967.766968
8	5	6	        56.681999	1693.659424
2	46	47	        337.460999	2228.405762
1	53	54	        431.993988	2000.027832
7	16	17	        137.737000	1974.777954
4	34	35	        261.808014	2138.971924
8	6	7	        61.046001	1834.682007
8	7	8	        79.920998	1601.581543
6	23	24	        188.220001	2040.165771
5	29	30	        235.436005	2038.770508
3	40	41	        295.075012	2223.163574
7	17	18	        148.613007	1937.919189
0	59	60	        405.583008	2366.963135
8	8	9	        66.115997	2177.990234
4	35	36	        218.565002	2635.371582
8	9	10	        90.000999	1777.757935
2	47	48	        307.050995	2501.213135
7	18	19	        173.212997	1755.064697
6	24	25	        225.904999	1770.655762
8	10	11	        92.477997	1903.155396
1	54	55	        395.773987	2223.491211
5	30	31	        257.272003	1927.920654
3	41	42	        274.583008	2447.347412
8	11	12	        117.614998	1632.444824
7	19	20	        169.781998	1884.769897
4	36	37	        270.476013	2188.733887
6	25	26	        227.522995	1828.386597
8	12	13	        125.369003	1659.102417
0	60	61	        515.664978	1892.701660
7	20	21	        224.682007	1495.446899
5	31	32	        345.648987	1481.271606
8	13	14	        148.837006	1505.002075
9	0	1	        10.810000	1480.110840
9	1	2	        21.650999	1477.991821
2	48	49	        506.337006	1548.375977
9	2	3	        32.085999	1495.979614
6	26	27	        282.421997	1529.625854
9	3	4	        44.640999	1433.659668
8	14	15	        167.059006	1436.618164
9	4	5	        56.453999	1417.083008
7	21	22	        209.037994	1683.904419
3	42	43	        523.426025	1314.416992
4	37	38	        436.911011	1391.587646
9	5	6	        53.074001	1808.795166
9	6	7	        77.112999	1452.413940
1	55	56	        687.190979	1303.858887
8	15	16	        147.029007	1741.152954
5	32	33	        342.627014	1541.034302
6	27	28	        235.391006	1903.216309
9	7	8	        60.298000	2122.790039
7	22	23	        220.212997	1671.109375
9	8	9	        82.855003	1737.975952
8	16	17	        137.264008	1981.582764
2	49	50	        417.868988	1914.475586
0	61	62	        545.723022	1817.771973
4	38	39	        313.492004	1990.481445
3	43	44	        346.910004	2029.344849
9	9	10	        102.167999	1566.048096
6	28	29	        246.794998	1880.102905
5	33	34	        281.614014	1931.722046
7	23	24	        217.018005	1769.438354
8	17	18	        160.100006	1798.875610
9	10	11	        79.698997	2208.308838
1	56	57	        338.312012	2695.736572
9	11	12	        139.108994	1380.212646
8	18	19	        214.817001	1415.157959
4	39	40	        388.575012	1647.043579
9	12	13	        173.511993	1198.764404
2	50	51	        491.739014	1659.416870
7	24	25	        370.015015	1081.037231
8	19	20	        205.957001	1553.722412
6	29	30	        441.395996	1087.458862
9	13	14	        125.005997	1791.914185
5	34	35	        509.485992	1099.146973
3	44	45	        639.573975	1125.749390
9	14	15	        159.770004	1502.159424
7	25	26	        254.509995	1634.513428
8	20	21	        214.824997	1564.063721
4	40	41	        366.440002	1790.197632
0	62	63	        845.533997	1192.146118
1	57	58	        693.257019	1338.608887
6	30	31	        310.216003	1598.885864
9	15	16	        135.675995	1886.848145
2	51	52	        458.541992	1814.446655
5	35	36	        292.093994	1971.968018
8	21	22	        179.067993	1965.733643
7	26	27	        203.684006	2120.932373
3	45	46	        288.026001	2555.324707
9	16	17	        115.405998	2356.896484
4	41	42	        216.847000	3098.959229
6	31	32	        181.893005	2814.841553
0	63	64	        301.075989	3401.134766
8	22	23	        219.337006	1677.783447
9	17	18	        177.942001	1618.504883
7	27	28	        244.169006	1834.794678
5	36	37	        322.250000	1837.083008
1	58	59	        429.092010	2199.994385
6	32	33	        339.681000	1554.399536
9	18	19	        224.255997	1355.593628
8	23	24	        306.695007	1252.058228
7	28	29	        350.503998	1323.807983
4	42	43	        607.094971	1133.265869
9	19	20	        211.419998	1513.574829
2	52	53	        719.012024	1179.396118
3	46	47	        661.994019	1135.961914
5	37	38	        399.161011	1523.194824
8	24	25	        197.709000	2023.175537
6	33	34	        301.225006	1805.958984
7	29	30	        164.291000	2921.645264
9	20	21	        110.981003	3027.545166
1	59	60	        438.131012	2191.125488
4	43	44	        189.888000	3707.448486
8	25	26	        202.763000	2051.656250
9	21	22	        194.526993	1809.517456
5	38	39	        298.174011	2092.737549
6	34	35	        346.872986	1614.423828
7	30	31	        333.770996	1486.048828
9	22	23	        246.516998	1492.797607
3	47	48	        526.682007	1458.185303
8	26	27	        304.372986	1419.311157
2	53	54	        628.377014	1374.970703
9	23	24	        212.074005	1810.688599
4	44	45	        576.051025	1249.889282
7	31	32	        322.917999	1585.541870
6	35	36	        362.005005	1591.138306
5	39	40	        448.643005	1426.524048
8	27	28	        241.373001	1856.048462
1	60	61	        719.450012	1356.591797
3	48	49	        296.997009	2639.757324
2	54	55	        218.233002	4032.387207
9	24	25	        137.725998	2904.317383
7	32	33	        211.647003	2494.719971
8	28	29	        245.134003	1892.842285
6	36	37	        364.158997	1625.663574
4	45	46	        411.102997	1790.305542
9	25	26	        274.932007	1513.101440
5	40	41	        404.940002	1619.993042
7	33	34	        299.678009	1815.281738
8	29	30	        279.171997	1719.370117
3	49	50	        492.976990	1622.793823
9	26	27	        267.122009	1617.238525
2	55	56	        660.325012	1356.907593
6	37	38	        418.123993	1454.114136
1	61	62	        740.799988	1339.092896
8	30	31	        300.871002	1648.546997
7	34	35	        361.089996	1550.859863
5	41	42	        445.764008	1507.524170
9	27	28	        206.197998	2172.669189
4	46	47	        484.175995	1553.154297
3	50	51	        331.149994	2464.140137
2	56	57	        184.035004	4955.579102
6	38	39	        186.647995	3343.191406
9	28	29	        279.903992	1657.711304
8	31	32	        296.764008	1725.276611
7	35	36	        345.015015	1669.492554
5	42	43	        437.850006	1571.314331
1	62	63	        641.060974	1572.393433
4	47	48	        591.880981	1297.558228
6	39	40	        521.346985	1227.589355
9	29	30	        361.459991	1327.947754
8	32	33	        377.548004	1398.497681
7	36	37	        354.501007	1669.952881
3	51	52	        652.354004	1275.381104
5	43	44	        280.346008	2511.182617
2	57	58	        636.085022	1458.924438
1	63	64	        200.556000	5105.806152
9	30	31	        266.368988	1862.078613
4	48	49	        333.696991	2349.436768
8	33	34	        336.449005	1616.886963
6	40	41	        379.559998	1728.317017
7	37	38	        372.915009	1630.398315
5	44	45	        449.605011	1601.405640
9	31	32	        264.855988	1933.126099
3	52	53	        543.250977	1560.972778
2	58	59	        598.809021	1576.462646
8	34	35	        323.230011	1732.512451
7	38	39	        313.598999	1989.802368
6	41	42	        370.186005	1815.303711
4	49	50	        450.029999	1777.659302
9	32	33	        234.990997	2246.894531
5	45	46	        283.730011	2594.015381
3	53	54	        238.436005	3623.614014
8	35	36	        156.806000	3673.328613
2	59	60	        220.158997	4360.484863
7	39	40	        299.298004	2138.336914
9	33	34	        301.799988	1802.518311
6	42	43	        385.830994	1783.164185
8	36	37	        364.381989	1624.668579
4	50	51	        493.372986	1653.921143
5	46	47	        483.595001	1555.020142
9	34	35	        345.281006	1621.867432
3	54	55	        597.754028	1472.177490
7	40	41	        410.545990	1597.872070
8	37	38	        284.300995	2138.578613
6	43	44	        364.170013	1933.162964
2	60	61	        625.927979	1559.284790
4	51	52	        315.747009	2635.020996
5	47	48	        271.545013	2828.260254
9	35	36	        152.686996	3772.423340
7	41	42	        206.085007	3260.790283
3	55	56	        275.221008	3255.565186
8	38	39	        253.123993	2465.194824
6	44	45	        298.459991	2412.383789
9	36	37	        280.606995	2109.712158
5	48	49	        438.098999	1789.549805
7	42	43	        521.364990	1319.612915
4	52	53	        625.382019	1355.971191
8	39	40	        477.705994	1339.736206
2	61	62	        725.715027	1366.927734
9	37	38	        400.217010	1519.175903
6	45	46	        482.308990	1525.992676
3	56	57	        589.997009	1545.770630
5	49	50	        301.287994	2655.266602
7	43	44	        156.341003	4502.977539
4	53	54	        256.515991	3368.211182
8	40	41	        252.869995	2594.218506
9	38	39	        274.967987	2269.354980
6	46	47	        348.750000	2156.272461
7	44	45	        479.134003	1502.711182
5	50	51	        604.931030	1348.914062
8	41	42	        522.281982	1286.661255
2	62	63	        748.828979	1346.101685
9	39	40	        477.632996	1339.940918
3	57	58	        723.648010	1282.391357
6	47	48	        428.494995	1792.319702
4	54	55	        621.971985	1414.854736
7	45	46	        265.815002	2768.843018
5	51	52	        190.490005	4367.683105
8	42	43	        256.845001	2678.658447
9	40	41	        273.359009	2399.774658
2	63	64	        603.781006	1695.979248
6	48	49	        595.943970	1315.559937
7	46	47	        607.255005	1238.359497
9	41	42	        446.377014	1505.453857
8	43	44	        480.046997	1466.523071
3	58	59	        713.250977	1323.517212
5	52	53	        648.947998	1306.730225
4	55	56	        685.924011	1306.267212
6	49	50	        147.658997	5417.888184
7	47	48	        141.912003	5411.804688
9	42	43	        269.112000	2556.556396
8	44	45	        297.721985	2418.363525
5	53	54	        501.001007	1724.547485
6	50	51	        587.763000	1388.314697
7	48	49	        560.206970	1399.482788
4	56	57	        642.205017	1420.107300
3	59	60	        664.793030	1444.058472
9	43	44	        408.625000	1722.850952
8	45	46	        378.484009	1944.599976
5	54	55	        192.582993	4569.458496
6	51	52	        440.356995	1889.376099
9	44	45	        524.581970	1372.521484
7	49	50	        554.013000	1444.009399
8	46	47	        550.385986	1366.313843
4	57	58	        623.633972	1488.052368
5	55	56	        578.307983	1549.347412
3	60	61	        628.802979	1552.155518
6	52	53	        239.169006	3545.609863
9	45	46	        156.738998	4695.704590
7	50	51	        238.753006	3417.758057
8	47	48	        254.617996	3016.283447
5	56	57	        585.806030	1556.829346
9	46	47	        542.252991	1386.806519
4	58	59	        627.033020	1505.502930
6	53	54	        607.721985	1421.702759
8	48	49	        465.704010	1683.472656
7	51	52	        503.783997	1651.501465
3	61	62	        656.130981	1511.893311
5	57	58	        205.106995	4524.467773
9	47	48	        258.497009	2971.020996
4	59	60	        535.763000	1791.837036
8	49	50	        544.745972	1468.574341
6	54	55	        610.359985	1441.772095
7	52	53	        597.370972	1419.553345
9	48	49	        446.821991	1754.613770
3	62	63	        670.187988	1504.055542
5	58	59	        555.174011	1700.367798
8	50	51	        195.274002	4178.743652
4	60	61	        245.501007	3975.543701
7	53	54	        257.415009	3356.447754
6	55	56	        262.540009	3412.813232
9	49	50	        266.112000	3006.252930
5	59	60	        519.036011	1849.582764
8	51	52	        516.960999	1609.405762
3	63	64	        615.700989	1663.145020
4	61	62	        642.276001	1544.507324
9	50	51	        483.522003	1687.617065
7	54	55	        550.710999	1597.934326
6	56	57	        555.435974	1641.953491
5	60	61	        268.470001	3635.415527
8	52	53	        215.759003	3930.311035
4	62	63	        311.601990	3234.895752
9	51	52	        410.950012	2024.577148
7	55	56	        510.035004	1756.742310
6	57	58	        533.224976	1740.353516
8	53	54	        484.407013	1783.624023
5	61	62	        515.950012	1922.666870
4	63	64	        316.335999	3237.064209
9	52	53	        211.145004	4016.197510
7	56	57	        153.563995	5938.892090
8	54	55	        366.790009	2399.193115
6	58	59	        400.365997	2357.842529
9	53	54	        397.864990	2171.590820
5	62	63	        457.623993	2202.681641
7	57	58	        372.246002	2492.975098
8	55	56	        198.251999	4519.500488
6	59	60	        185.526993	5174.449219
9	54	55	        196.285995	4483.254395
7	58	59	        304.723999	3097.885254
5	63	64	        398.946991	2566.757080
8	56	57	        411.799988	2214.667236
6	60	61	        422.588989	2309.572754
9	55	56	        342.506012	2616.012451
7	59	60	        226.371994	4240.807617
8	57	58	        182.184006	5093.750977
9	56	57	        332.766998	2740.656250
6	61	62	        387.246002	2561.678955
7	60	61	        381.963013	2555.221191
8	58	59	        264.110992	3574.254883
9	57	58	        125.672997	7384.243652
6	62	63	        274.882996	3667.014648
7	61	62	        368.966003	2688.594482
8	59	60	        368.720001	2603.601562
9	58	59	        336.329010	2806.775391
6	63	64	        169.837997	6029.274902
7	62	63	        223.505005	4509.966309
8	60	61	        283.121002	3447.289551
9	59	60	        277.389008	3460.843506
7	63	64	        132.289993	7740.570312
9	60	61	        223.302994	4370.743164
8	61	62	        225.145996	4406.029785
9	61	62	        223.695999	4434.589844
8	62	63	        225.503998	4469.987305
9	62	63	        223.688995	4506.256836
8	63	64	        225.514008	4540.737793
9	63	64	        117.512001	8714.003906
